1 20.8813
2 19.817
3 19.7306
4 19.8859
5 19.9966
6 19.8938
7 20.3025
8 20.0889
9 20.0238
10 20.1169
11 20.2051
12 20.1711
13 20.1599
14 20.1087
15 20.4618
16 20.2399
17 20.0564
18 20.1477
19 20.2165
20 20.0735
21 20.2383
22 20.2584
23 20.4593
24 20.2478
25 20.2307
26 20.2745
27 20.2911
28 20.3869
29 20.5135
30 20.2639
31 20.4503
32 20.0511
33 20.2647
34 20.2327
35 20.4153
36 20.2947
37 20.3134
38 20.3405
39 20.2832
40 20.5315
41 20.4999
42 20.38
43 20.5022
44 20.3912
45 20.4784
46 20.5416
47 20.6114
48 20.5376
49 20.4607
50 20.555
51 20.5224
52 20.5194
53 20.5603
54 20.4784
55 20.5148
56 20.4306
57 20.8153
58 20.7441
59 20.8109
60 20.9328
61 20.6367
62 20.6002
63 20.5261
64 20.7571
65 20.8636
66 20.8026
67 20.7869
68 20.8024
69 20.6819
70 20.831
71 20.7025
72 20.7393
73 20.7807
74 21.0812
75 21.0166
76 20.7933
77 20.9414
78 20.818
79 20.847
80 20.6577
81 20.7231
82 20.7124
83 20.6502
84 20.5894
85 20.6164
86 20.5018
87 20.6909
88 20.4816
89 20.545
90 20.7047
91 20.7211
92 20.555
93 20.7314
94 20.7354
95 20.7822
96 20.9586
97 20.9785
98 20.7985
99 20.7589
100 20.8357
101 20.6669
102 20.9608
103 20.9731
104 20.8249
105 20.8124
106 20.6485
107 20.5223
108 20.6848
109 20.9081
110 20.7433
111 20.7634
112 20.8627
113 20.6938
114 20.9232
115 20.8678
116 20.5643
117 20.8021
118 20.621
119 20.6891
120 20.7398
121 20.7075
122 20.6641
123 20.5151
124 20.7269
125 20.7645
126 20.6106
127 20.6972
128 20.8404
129 20.638
130 20.6231
131 20.7466
132 20.7934
133 20.3844
134 20.7091
135 20.6856
136 20.7387
137 20.4587
138 20.7032
139 20.6326
140 20.6185
141 20.538
142 20.341
143 20.5388
144 20.8546
145 20.5905
146 20.6851
147 20.6897
148 20.8054
149 20.8846
150 20.7905
151 20.7231
152 20.7457
153 20.7119
154 20.6388
155 20.6568
156 20.6473
157 20.4659
158 20.6733
159 20.9227
160 20.8084
161 20.8876
162 20.8328
163 21.0762
164 20.9907
165 20.9832
166 20.9612
167 20.9655
168 20.69
169 20.8484
170 20.9724
171 21.0487
172 21.0201
173 20.9507
174 21.1302
175 20.9536
176 20.806
177 20.8849
178 21.055
179 20.9506
180 21.1298
181 21.1915
182 21.2178
183 21.0398
184 21.2179
185 20.9765
186 21.0625
187 21.2445
188 21.0089
189 21.2483
190 20.9628
191 21.0669
192 21.0577
193 20.9602
194 20.9991
195 20.9859
196 21.0351
197 21.0763
198 21.2804
199 21.3021
200 21.2968
201 21.1351
202 21.0638
203 20.9939
204 21.0448
205 21.1615
206 20.8574
207 21.2214
208 21.1695
209 21.041
210 21.1198
211 21.385
212 20.9952
213 21.1501
214 21.0154
215 21.1473
216 21.2148
217 21.1608
218 21.3014
219 21.1235
220 21.057
221 21.4035
222 21.3342
223 21.1203
224 21.1996
225 21.1545
226 21.1079
227 21.2052
228 21.3255
229 21.1042
230 21.1274
231 21.1329
232 21.1444
233 21.2492
234 21.0473
235 21.1397
236 21.1098
237 21.4039
238 21.4362
239 21.2582
240 21.2305
241 21.0576
242 21.0114
243 20.9555
244 20.9648
245 20.9178
246 21.0852
247 20.9684
248 21.1866
249 20.8508
250 20.8122
251 20.92
252 20.8988
253 21.034
254 20.8587
255 20.8603
256 21.0401
257 20.9508
258 21.068
259 21.025
260 20.9508
261 21.0422
262 21.0592
263 21.0455
264 21.0556
265 21.1706
266 20.9019
267 20.9947
268 20.9073
269 20.9794
270 20.8709
271 20.9656
272 20.9935
273 20.7979
274 20.8852
275 21.1139
276 21.0959
277 20.9493
278 20.9558
279 20.7312
280 20.9335
281 20.942
282 20.9239
283 20.8862
284 20.88
285 21.0099
286 20.9671
287 20.8145
288 20.9285
289 21.1555
290 20.9072
291 21.0913
292 20.8816
293 20.938
294 20.6896
295 20.9789
296 20.8103
297 20.9339
298 20.8755
299 20.7207
300 20.681
301 21.0014
302 21.0559
303 20.8208
304 20.8719
305 20.8354
306 20.526
307 21.0971
308 20.8611
309 21.1162
310 20.9036
311 21.1001
312 20.7764
313 20.829
314 21.0489
315 20.7101
316 20.8205
317 20.6579
318 20.6091
319 20.7217
320 20.7706
321 20.8906
322 20.7925
323 20.9475
324 20.5977
325 20.7349
326 20.6279
327 20.6225
328 20.8656
329 20.774
330 20.5843
331 20.742
332 20.7913
333 20.9563
334 20.9274
335 20.9261
336 20.6612
337 20.6255
338 20.7207
339 20.7801
340 20.8682
341 20.9801
342 20.6747
343 20.9937
344 20.6854
345 20.881
346 20.8549
347 20.7134
348 20.7228
349 20.6479
350 20.5694
351 20.7302
352 20.8046
353 20.4216
354 20.593
355 20.7626
356 20.9147
357 20.7443
358 20.7957
359 20.7814
360 20.8385
361 20.9335
362 20.5487
363 20.561
364 20.6027
365 20.6512
366 20.877
367 20.6715
368 20.659
369 20.6975
370 20.5666
371 20.5741
372 20.8028
373 20.603
374 20.7915
375 20.7486
376 20.6299
377 20.6181
378 20.6391
379 20.704
380 20.7113
381 20.9859
382 20.7174
383 20.7085
384 20.6812
385 20.535
386 20.3816
387 20.5644
388 20.5923
389 20.6369
390 20.6195
391 20.7217
392 20.6219
393 20.4748
394 20.4092
395 20.7519
396 20.5816
397 20.738
398 20.7055
399 20.894
400 20.727
401 20.9002
402 20.6218
403 20.3867
404 20.6045
405 20.6365
406 20.7549
407 20.7388
408 20.8727
409 20.8197
410 20.8435
411 20.737
412 20.7954
413 20.9353
414 20.9052
415 20.8156
416 20.7739
417 20.7443
418 20.6704
419 20.6062
420 20.7171
421 20.9989
422 21.064
423 21.0399
424 20.978
425 20.678
426 21.0879
427 20.9619
428 20.9467
429 21.0221
430 21.1668
431 21.175
432 21.0817
433 21.001
434 21.0218
435 20.9993
436 20.928
437 20.8217
438 20.9418
439 20.9519
440 20.7772
441 20.8835
442 21.1236
443 21.1199
444 21.148
445 21.0313
446 20.928
447 20.9493
448 20.9706
449 21.0514
450 20.983
451 21.0323
452 21.1521
453 20.949
454 20.6992
455 20.8333
456 20.7952
457 20.8339
458 21.1784
459 21.0669
460 21.0282
461 21.1392
462 20.931
463 20.9342
464 21.0397
465 21.0583
466 21.1616
467 21.0092
468 21.2162
469 20.9995
470 21.3138
471 21.0391
472 21.0749
473 21.2449
474 21.2228
475 21.1874
476 21.0576
477 20.9055
478 21.1608
479 21.2822
480 21.4455
481 21.4595
482 21.3773
483 21.3437
484 21.2658
485 21.2374
486 21.3888
487 21.1923
488 21.1554
489 21.1467
490 21.1934
491 20.7505
492 21.0346
493 21.0596
494 20.8579
495 20.9764
496 21.0208
497 20.816
498 20.8056
499 20.6464
500 20.6638
501 20.849
502 20.8533
503 20.8907
504 20.9231
505 20.9484
506 20.9882
507 21.1481
508 20.9726
509 21.0584
510 21.0724
511 21.24
512 21.2737
513 21.1042
514 20.9818
515 21.0911
516 20.8273
517 21.0427
518 21.0274
519 21.0882
520 21.026
521 21.0268
522 21.13
523 21.1932
524 21.1413
525 21.0991
526 21.1892
527 21.3904
528 21.4252
529 21.3339
530 21.4425
531 21.5319
532 21.2629
533 21.5176
534 21.3786
535 21.4928
536 21.5378
537 21.3245
538 21.3812
539 21.3127
540 21.2425
541 21.3089
542 21.2103
543 21.3066
544 21.2703
545 21.1421
546 21.2167
547 21.3403
548 21.0653
549 21.1387
550 21.2149
551 21.0434
552 20.9283
553 21.0916
554 21.2103
555 21.1228
556 21.296
557 21.196
558 21.3428
559 21.1944
560 21.0382
561 21.2037
562 21.0917
563 21.2338
564 21.1655
565 21.3666
566 21.4033
567 21.2086
568 21.1443
569 21.3196
570 21.1874
571 21.2215
572 21.2853
573 21.076
574 21.4579
575 21.3179
576 21.3386
577 21.2609
578 21.1413
579 21.1635
580 20.9568
581 20.9425
582 20.8075
583 21.0469
584 21.1243
585 20.9405
586 20.9266
587 21.0148
588 21.0843
589 21.1819
590 20.98
591 21.0709
592 20.9733
593 21.229
594 21.0828
595 21.1313
596 21.0926
597 21.1211
598 21.0331
599 21.1206
600 21.3035
601 21.4659
602 21.5011
603 21.41
604 21.2403
605 21.2035
606 21.4749
607 21.4446
608 21.5243
609 21.4889
610 21.5278
611 21.5207
612 21.3443
613 21.4913
614 21.446
615 21.6459
616 21.651
617 21.4166
618 21.498
619 21.4697
620 21.4464
621 21.4065
622 21.4033
623 21.2755
624 21.3128
625 21.1135
626 21.1162
627 21.1267
628 21.0467
629 21.1056
630 21.3145
631 21.1399
632 21.1655
633 21.0407
634 21.1824
635 21.2227
636 21.1757
637 21.1394
638 21.2883
639 21.3287
640 21.3487
641 21.3558
642 21.4883
643 21.4355
644 21.5973
645 21.5651
646 21.543
647 21.3978
648 21.4965
649 21.4445
650 21.6821
651 21.377
652 21.7298
653 21.526
654 21.5436
655 21.6938
656 21.516
657 21.3895
658 21.2478
659 21.3374
660 21.1877
661 21.4604
662 21.5522
663 21.3932
664 21.3735
665 21.3514
666 21.2794
667 21.4569
668 21.4268
669 21.5212
670 21.6201
671 21.6321
672 21.5667
673 21.6054
674 21.527
675 21.4426
676 21.4574
677 21.588
678 21.3877
679 21.5244
680 21.6717
681 21.4655
682 21.5519
683 21.4791
684 21.4911
685 21.4213
686 21.1594
687 21.2229
688 21.316
689 21.3582
690 21.4701
691 21.335
692 21.5059
693 21.7502
694 21.5135
695 21.5646
696 21.2742
697 21.372
698 21.3705
699 21.264
700 21.3974
701 21.364
702 21.284
703 21.2506
704 21.2653
705 21.1531
706 21.3334
707 21.2691
708 21.3319
709 21.3912
710 21.3632
711 21.1709
712 21.3554
713 21.3392
714 21.1972
715 21.334
716 21.2813
717 21.2531
718 21.3411
719 21.3042
720 21.2497
721 21.521
722 21.2669
723 21.3812
724 21.3378
725 21.3029
726 21.1081
727 21.3166
728 21.2285
729 21.2888
730 21.3329
731 21.3429
732 21.4095
733 21.3595
734 21.27
735 21.4632
736 21.4288
737 21.4326
738 21.4202
739 21.3461
740 21.3001
741 21.4691
742 21.323
743 21.5038
744 21.4666
745 21.3287
746 21.2888
747 21.2578
748 21.3869
749 21.377
750 21.3055
751 21.4392
752 21.3937
753 21.388
754 21.4886
755 21.3963
756 21.5313
757 21.4899
758 21.4483
759 21.5217
760 21.3709
761 21.5255
762 21.6922
763 21.6656
764 21.4791
765 21.4108
766 21.5006
767 21.3897
768 21.4368
769 21.4499
770 21.4575
771 21.4273
772 21.4198
773 21.4403
774 21.4146
775 21.3028
776 21.4179
777 21.6518
778 21.3935
779 21.4533
780 21.6716
781 21.3977
782 21.5511
783 21.3917
784 21.283
785 21.4941
786 21.4706
787 21.4337
788 21.4537
789 21.6333
790 21.4784
791 21.6412
792 21.4156
793 21.5056
794 21.6146
795 21.4086
796 21.362
797 21.2939
798 21.3065
799 21.257
800 21.3369
801 21.6306
802 21.5551
803 21.5523
804 21.5528
805 21.651
806 21.4478
807 21.503
808 21.5816
809 21.4768
810 21.4898
811 21.4863
812 21.2238
813 21.5106
814 21.3759
815 21.2753
816 21.2955
817 21.5231
818 21.4235
819 21.5837
820 21.2666
821 21.1588
822 21.1805
823 21.3012
824 21.2307
825 21.5567
826 21.3233
827 21.418
828 21.2856
829 21.3961
830 21.3136
831 21.4108
832 21.1313
833 21.3784
834 21.2366
835 21.4046
836 21.2207
837 21.4233
838 21.3459
839 21.3789
840 21.3247
841 21.4266
842 21.0409
843 21.4085
844 21.4352
845 21.1103
846 21.2721
847 21.0808
848 21.1672
849 21.1778
850 21.1264
851 21.3061
852 21.2326
853 21.1347
854 21.1136
855 21.2965
856 21.1864
857 21.4005
858 21.4138
859 21.281
860 21.1564
861 21.2473
862 21.324
863 21.2232
864 21.3436
865 21.4307
866 21.3414
867 21.6043
868 21.492
869 21.3193
870 21.2307
871 21.2705
872 21.4468
873 21.3504
874 21.3778
875 21.4073
876 21.2762
877 21.1924
878 21.483
879 21.4826
880 21.5862
881 21.4165
882 21.5768
883 21.2932
884 21.4568
885 21.5408
886 21.2861
887 21.3974
888 21.4067
889 21.4208
890 21.419
891 21.4037
892 21.4917
893 21.2096
894 21.362
895 21.0081
896 21.2354
897 21.3473
898 21.3536
899 21.1243
900 21.3786
901 21.1098
902 21.3389
903 21.2017
904 21.2205
905 21.2491
906 21.4565
907 21.1655
908 21.2076
909 21.2219
910 21.2965
911 20.967
912 21.2314
913 21.0658
914 21.0167
915 21.2863
916 21.1769
917 21.0749
918 21.006
919 20.9557
920 21.1082
921 21.2543
922 21.1003
923 21.0104
924 21.0794
925 21.045
926 21.0817
927 21.2578
928 21.2616
929 21.2431
930 21.3691
931 21.2155
932 21.2018
933 21.295
934 21.2495
935 21.0598
936 21.1934
937 21.107
938 21.0258
939 21.036
940 21.2679
941 21.0669
942 21.3022
943 21.1734
944 21.3125
945 21.5287
946 21.3044
947 21.2569
948 21.1856
949 21.2312
950 21.3288
951 21.3058
952 21.0848
953 21.131
954 21.2728
955 21.0629
956 21.3515
957 21.3019
958 21.4151
959 21.0949
960 21.2677
961 21.3544
962 21.4442
963 21.3234
964 21.2939
965 21.1784
966 21.2185
967 21.3999
968 21.3293
969 21.1997
970 21.122
971 21.2272
972 21.3154
973 21.3451
974 21.1916
975 21.2187
976 21.1168
977 21.2804
978 21.0784
979 21.0976
980 21.2801
981 21.0408
982 21.4474
983 21.489
984 21.4217
985 21.3435
986 21.4454
987 21.3836
988 21.2632
989 21.5406
990 21.3937
991 21.3214
992 21.4194
993 21.2014
994 21.4068
995 21.2915
996 21.4686
997 21.2808
998 21.205
999 21.3616
1000 21.4366
1001 21.2883
1002 21.3205
1003 21.2603
1004 21.3855
1005 21.4276
1006 21.1645
1007 21.4081
1008 21.5852
1009 21.5386
1010 21.7047
1011 21.5945
1012 21.5794
1013 21.5007
1014 21.3161
1015 21.515
1016 21.5921
1017 21.4613
1018 21.5044
1019 21.7112
1020 21.6531
1021 21.5843
1022 21.4166
1023 21.3613
1024 21.4195
1025 21.1994
1026 21.303
1027 21.2247
1028 21.4113
1029 21.2083
1030 21.273
1031 21.3978
1032 21.4827
1033 21.2792
1034 21.415
1035 21.3575
1036 21.2228
1037 21.3039
1038 21.3392
1039 21.3028
1040 21.402
1041 21.3009
1042 21.4479
1043 21.2921
1044 21.6172
1045 21.4194
1046 21.7145
1047 21.5594
1048 21.3887
1049 21.4653
1050 21.5651
1051 21.4427
1052 21.6599
1053 21.4941
1054 21.6955
1055 21.631
1056 21.8556
1057 21.6463
1058 21.6451
1059 21.6586
1060 21.6646
1061 21.4326
1062 21.7632
1063 21.5003
1064 21.547
1065 21.6986
1066 21.676
1067 21.7644
1068 21.6911
1069 21.764
1070 21.5444
1071 21.5701
1072 21.5663
1073 21.7035
1074 21.6264
1075 21.6391
1076 21.6095
1077 21.4045
1078 21.4985
1079 21.5723
1080 21.488
1081 21.6305
1082 21.6245
1083 21.3927
1084 21.4609
1085 21.1597
1086 21.5338
1087 21.4905
1088 21.5643
1089 21.4176
1090 21.6527
1091 21.3724
1092 21.4206
1093 21.2142
1094 21.3691
1095 21.351
1096 21.1636
1097 21.2191
1098 21.0674
1099 21.3009
1100 21.1249
1101 21.1682
1102 21.3029
1103 21.3458
1104 21.247
1105 21.4973
1106 21.3168
1107 21.3727
1108 21.3455
1109 21.4985
1110 21.5429
1111 21.337
1112 21.4226
1113 21.5067
1114 21.4226
1115 21.4349
1116 21.4527
1117 21.2521
1118 21.6861
1119 21.632
1120 21.5508
1121 21.4552
1122 21.5824
1123 21.6708
1124 21.6334
1125 21.5611
1126 21.5681
1127 21.668
1128 21.6005
1129 21.6657
1130 21.7298
1131 21.6172
1132 21.3957
1133 21.3305
1134 21.4527
1135 21.2777
1136 21.347
1137 21.4951
1138 21.5059
1139 21.2883
1140 21.3019
1141 21.4577
1142 21.3439
1143 21.1888
1144 21.2788
1145 21.4216
1146 21.3684
1147 21.3658
1148 21.5479
1149 21.5901
1150 21.383
1151 21.5743
1152 21.7203
1153 21.6871
1154 21.4618
1155 21.4198
1156 21.4711
1157 21.6337
1158 21.537
1159 21.6344
1160 21.6481
1161 21.6841
1162 21.5007
1163 21.607
1164 21.4002
1165 21.5556
1166 21.4474
1167 21.6475
1168 21.3833
1169 21.2955
1170 21.4256
1171 21.2324
1172 21.3983
1173 21.5611
1174 21.3689
1175 21.3967
1176 21.3737
1177 21.4325
1178 21.1705
1179 21.2952
1180 21.3715
1181 21.1586
1182 21.2729
1183 21.5066
1184 21.2764
1185 21.5334
1186 21.4992
1187 21.5183
1188 21.3402
1189 21.6328
1190 21.5769
1191 21.4248
1192 21.7107
1193 21.5791
1194 21.341
1195 21.4724
1196 21.4675
1197 21.3976
1198 21.56
1199 21.69
1200 21.6534
1201 21.4688
1202 21.4766
1203 21.6345
1204 21.5311
1205 21.6429
1206 21.41
1207 21.524
1208 21.5802
1209 21.4702
1210 21.5325
1211 21.4067
1212 21.4728
1213 21.4463
1214 21.423
1215 21.3405
1216 21.5024
1217 21.578
1218 21.4519
1219 21.4608
1220 21.4204
1221 21.4329
1222 21.5754
1223 21.6082
1224 21.6733
1225 21.5525
1226 21.5756
1227 21.5472
1228 21.4551
1229 21.4036
1230 21.6217
1231 21.6971
1232 21.6042
1233 21.5632
1234 21.4664
1235 21.4911
1236 21.4694
1237 21.7071
1238 21.5049
1239 21.507
1240 21.4969
1241 21.5478
1242 21.3619
1243 21.5774
1244 21.4526
1245 21.654
1246 21.479
1247 21.6385
1248 21.6517
1249 21.6053
1250 21.6025
1251 21.654
1252 21.5122
1253 21.691
1254 21.559
1255 21.6249
1256 21.3481
1257 21.6728
1258 21.5388
1259 21.5147
1260 21.3747
1261 21.3995
1262 21.3438
1263 21.4151
1264 21.298
1265 21.2588
1266 21.1847
1267 21.3036
1268 21.1616
1269 21.317
1270 21.3596
1271 21.3228
1272 21.2528
1273 21.4998
1274 21.343
1275 21.443
1276 21.3608
1277 21.2335
1278 21.1233
1279 21.2873
1280 21.4515
1281 21.5474
1282 21.3245
1283 21.2258
1284 21.1827
1285 21.4634
1286 21.3296
1287 21.4982
1288 21.3398
1289 21.3964
1290 21.2035
1291 21.3396
1292 21.184
1293 21.2237
1294 21.101
1295 21.3071
1296 21.0677
1297 21.2905
1298 21.4122
1299 21.5942
1300 21.4975
1301 21.2678
1302 21.3363
1303 21.4313
1304 21.4698
1305 21.4601
1306 21.5703
1307 21.4472
1308 21.6731
1309 21.6088
1310 21.7584
1311 21.456
1312 21.7196
1313 21.3926
1314 21.4318
1315 21.4771
1316 21.52
1317 21.3761
1318 21.4097
1319 21.5389
1320 21.6538
1321 21.6201
1322 21.389
1323 21.4638
1324 21.2592
1325 21.2284
1326 21.2674
1327 21.6884
1328 21.5783
1329 21.5374
1330 21.3728
1331 21.3476
1332 21.275
1333 21.5516
1334 21.6485
1335 21.7212
1336 21.6382
1337 21.6365
1338 21.2574
1339 21.4476
1340 21.4459
1341 21.3435
1342 21.48
1343 21.386
1344 21.1142
1345 21.4855
1346 21.3936
1347 21.3522
1348 21.2923
1349 21.4844
1350 21.3457
1351 21.4712
1352 21.5292
1353 21.4472
1354 21.4765
1355 21.6056
1356 21.4432
1357 21.3376
1358 21.5397
1359 21.4458
1360 21.459
1361 21.4253
1362 21.3533
1363 21.2769
1364 21.4954
1365 21.4717
1366 21.2731
1367 21.4264
1368 21.3773
1369 21.2569
1370 21.3817
1371 21.3507
1372 21.4288
1373 21.4412
1374 21.6134
1375 21.5232
1376 21.2133
1377 21.5568
1378 21.4658
1379 21.5287
1380 21.3586
1381 21.1958
1382 21.334
1383 21.4474
1384 21.5337
1385 21.362
1386 21.4405
1387 21.6076
1388 21.1379
1389 21.3727
1390 21.3976
1391 21.1622
1392 21.3464
1393 21.4963
1394 21.4896
1395 21.3464
1396 21.2025
1397 21.2862
1398 21.5624
1399 21.4044
1400 21.2975
1401 21.4407
1402 21.4272
1403 21.3289
1404 21.3518
1405 21.3898
1406 21.3208
1407 21.3873
1408 21.0502
1409 21.3908
1410 21.4261
1411 21.5874
1412 21.5594
1413 21.5368
1414 21.5394
1415 21.4286
1416 21.3033
1417 21.396
1418 21.4704
1419 21.3828
1420 21.2874
1421 21.2382
1422 21.295
1423 21.4532
1424 21.3623
1425 21.5274
1426 21.1021
1427 21.2017
1428 21.3244
1429 21.269
1430 21.2475
1431 21.5156
1432 21.2795
1433 21.2535
1434 21.3468
1435 21.2651
1436 21.3533
1437 21.2671
1438 21.237
1439 21.4645
1440 21.2345
1441 21.3532
1442 21.1873
1443 21.1386
1444 21.2882
1445 21.3464
1446 21.3074
1447 21.3643
1448 21.2469
1449 21.5075
1450 21.1839
1451 21.2503
1452 21.0806
1453 21.0404
1454 21.2512
1455 21.5041
1456 21.4719
1457 21.25
1458 21.382
1459 21.3477
1460 21.0907
1461 21.1757
1462 21.0997
1463 21.1874
1464 21.1976
1465 21.0759
1466 21.1429
1467 21.0398
1468 21.0663
1469 20.9574
1470 21.0235
1471 20.9628
1472 21.277
1473 21.0299
1474 21.244
1475 21.279
1476 21.2227
1477 21.3174
1478 21.4475
1479 21.2365
1480 21.184
1481 21.058
1482 21.3935
1483 21.4303
1484 21.3123
1485 21.1394
1486 21.3463
1487 21.2121
1488 21.3652
1489 21.5495
1490 21.2661
1491 21.6141
1492 21.1456
1493 21.6385
1494 21.2197
1495 21.4574
1496 21.4155
1497 21.4907
1498 21.2232
1499 21.1644
1500 21.3472
1501 21.266
1502 21.2884
1503 21.1753
1504 21.1238
1505 21.1042
1506 21.2924
1507 21.4514
1508 21.4914
1509 21.562
1510 21.3561
1511 21.4152
1512 21.4093
1513 21.4842
1514 21.5562
1515 21.4652
1516 21.5601
1517 21.2236
1518 21.283
1519 21.6265
1520 21.4792
1521 21.4886
1522 21.4189
1523 21.2846
1524 21.4397
1525 21.3872
1526 21.4415
1527 21.4345
1528 21.5125
1529 21.5467
1530 21.5657
1531 21.664
1532 21.65
1533 21.3899
1534 21.5435
1535 21.3267
1536 21.4554
1537 21.2878
1538 21.4323
1539 21.119
1540 21.2353
1541 21.4811
1542 21.5224
1543 21.403
1544 21.3839
1545 21.1949
1546 21.6375
1547 21.4422
1548 21.5411
1549 21.3683
1550 21.4102
1551 21.5208
1552 21.7161
1553 21.5923
1554 21.3039
1555 21.4838
1556 21.4678
1557 21.3471
1558 21.4882
1559 21.4842
1560 21.5008
1561 21.5258
1562 21.2966
1563 21.5621
1564 21.3979
1565 21.3243
1566 21.4589
1567 21.3209
1568 21.2216
1569 21.3756
1570 21.0211
1571 21.3599
1572 21.2653
1573 21.4201
1574 21.3669
1575 21.3897
1576 21.3862
1577 21.3933
1578 21.4013
1579 21.2967
1580 21.2244
1581 21.381
1582 21.3966
1583 21.2586
1584 21.3378
1585 21.3623
1586 21.2442
1587 21.3856
1588 21.2106
1589 21.1261
1590 21.3458
1591 21.3501
1592 21.4011
1593 21.5038
1594 21.3687
1595 21.1982
1596 21.3616
1597 21.1816
1598 21.1139
1599 21.3024
1600 21.1648
1601 21.2775
1602 21.4135
1603 21.346
1604 21.0407
1605 21.1479
1606 21.0104
1607 21.2769
1608 21.1902
1609 21.251
1610 21.355
1611 21.2605
1612 21.3701
1613 21.3039
1614 21.4797
1615 21.4277
1616 21.4264
1617 21.1339
1618 21.2926
1619 21.0865
1620 21.2436
1621 21.2934
1622 21.3224
1623 21.3023
1624 21.2081
1625 21.2384
1626 21.1611
1627 21.222
1628 21.2548
1629 21.3498
1630 21.0729
1631 21.4646
1632 21.2152
1633 21.2747
1634 21.2138
1635 21.349
1636 21.2682
1637 21.4748
1638 21.3013
1639 21.3318
1640 21.265
1641 21.2265
1642 21.1897
1643 21.2216
1644 21.3413
1645 21.3011
1646 21.2057
1647 21.2575
1648 21.3108
1649 21.1926
1650 21.4147
1651 21.3102
1652 21.4108
1653 21.2102
1654 21.3858
1655 21.3623
1656 21.3002
1657 21.369
1658 21.2492
1659 21.4303
1660 21.3403
1661 21.2198
1662 21.4339
1663 21.3562
1664 21.5282
1665 21.1806
1666 21.4996
1667 21.2154
1668 21.5276
1669 21.5091
1670 21.5553
1671 21.5446
1672 21.5157
1673 21.4135
1674 21.5865
1675 21.505
1676 21.4403
1677 21.4485
1678 21.3908
1679 21.3769
1680 21.473
1681 21.3402
1682 21.3548
1683 21.2683
1684 21.5796
1685 21.4007
1686 21.5452
1687 21.4655
1688 21.5851
1689 21.6611
1690 21.4788
1691 21.4313
1692 21.2191
1693 21.5283
1694 21.4639
1695 21.4798
1696 21.2699
1697 21.5173
1698 21.2061
1699 21.59
1700 21.3772
1701 21.3243
1702 21.3047
1703 21.1469
1704 21.3513
1705 21.5274
1706 21.5095
1707 21.3864
1708 21.3887
1709 21.0721
1710 21.2866
1711 21.4315
1712 21.3072
1713 21.0529
1714 21.3069
1715 21.1231
1716 20.859
1717 21.0811
1718 21.218
1719 21.0693
1720 21.0727
1721 20.8486
1722 21.2483
1723 21.1553
1724 20.8674
1725 21.1172
1726 20.9427
1727 21.032
1728 21.0826
1729 21.0339
1730 21.1625
1731 21.3638
1732 21.3764
1733 21.2529
1734 21.1747
1735 21.2858
1736 21.4544
1737 21.2826
1738 21.2448
1739 21.053
1740 21.3451
1741 21.3928
1742 21.1951
1743 21.332
1744 21.4062
1745 21.1443
1746 21.1891
1747 21.4523
1748 21.3829
1749 21.2965
1750 21.2232
1751 21.2504
1752 21.1367
1753 21.2674
1754 21.1856
1755 21.1027
1756 21.2524
1757 20.9761
1758 21.2537
1759 21.2949
1760 21.0115
1761 21.2549
1762 21.1036
1763 21.1819
1764 21.33
1765 21.2155
1766 21.3284
1767 21.1686
1768 21.1544
1769 21.0298
1770 21.1452
1771 21.1542
1772 20.9197
1773 21.0668
1774 21.1784
1775 21.3116
1776 21.1593
1777 21.2934
1778 20.8687
1779 21.0463
1780 21.1089
1781 21.078
1782 21.1543
1783 21.2781
1784 21.3571
1785 21.2419
1786 21.4736
1787 21.2276
1788 21.154
1789 21.3337
1790 21.3833
1791 21.3752
1792 21.5078
1793 21.3685
1794 21.3587
1795 21.2696
1796 21.3355
1797 21.1192
1798 21.0031
1799 21.0346
1800 21.0924
1801 21.1834
1802 21.5922
1803 21.5286
1804 21.3944
1805 21.3255
1806 21.2073
1807 21.1304
1808 21.0893
1809 21.4235
1810 21.3444
1811 21.4051
1812 21.3874
1813 21.2217
1814 21.3302
1815 21.1527
1816 21.2073
1817 21.3248
1818 21.4058
1819 21.321
1820 21.2157
1821 21.1736
1822 21.2193
1823 21.1105
1824 21.4208
1825 21.2857
1826 21.1485
1827 21.3514
1828 21.3116
1829 21.2986
1830 21.2387
1831 21.2254
1832 21.3578
1833 21.4275
1834 21.4675
1835 21.4191
1836 21.44
1837 21.6952
1838 21.3026
1839 21.5505
1840 21.3475
1841 21.5891
1842 21.5909
1843 21.4959
1844 21.3154
1845 21.5024
1846 21.4726
1847 21.5147
1848 21.4391
1849 21.5233
1850 21.4104
1851 21.262
1852 21.5307
1853 21.5024
1854 21.4708
1855 21.4939
1856 21.5434
1857 21.4623
1858 21.6245
1859 21.5645
1860 21.6069
1861 21.6153
1862 21.633
1863 21.5945
1864 21.8017
1865 21.5017
1866 21.7122
1867 21.62
1868 21.3841
1869 21.5857
1870 21.5043
1871 21.4371
1872 21.5614
1873 21.4726
1874 21.5024
1875 21.5412
1876 21.7547
1877 21.5122
1878 21.6538
1879 21.61
1880 21.5058
1881 21.5979
1882 21.5271
1883 21.5785
1884 21.5037
1885 21.5974
1886 21.6619
1887 21.6432
1888 21.5299
1889 21.6082
1890 21.8076
1891 21.5304
1892 21.5357
1893 21.4036
1894 21.3474
1895 21.4574
1896 21.2556
1897 21.31
1898 21.4884
1899 21.373
1900 21.4876
1901 21.3528
1902 21.365
1903 21.2634
1904 21.5792
1905 21.4624
1906 21.6559
1907 21.4233
1908 21.3182
1909 21.3741
1910 21.4982
1911 21.3354
1912 21.8014
1913 21.5446
1914 21.552
1915 21.7362
1916 21.355
1917 21.6681
1918 21.6902
1919 21.2479
1920 21.5352
1921 21.5895
1922 21.6541
1923 21.6683
1924 21.5745
1925 21.5858
1926 21.5042
1927 21.4245
1928 21.5097
1929 21.524
1930 21.5481
1931 21.5271
1932 21.3345
1933 21.4712
1934 21.3839
1935 21.1944
1936 21.5564
1937 21.2807
1938 21.5146
1939 21.3783
1940 21.4682
1941 21.5984
1942 21.2848
1943 21.3944
1944 21.2815
1945 21.6035
1946 21.6693
1947 21.6385
1948 21.6136
1949 21.6802
1950 21.6084
1951 21.624
1952 21.5423
1953 21.6895
1954 21.8473
1955 21.7477
1956 21.5897
1957 21.8074
1958 21.622
1959 21.7636
1960 21.8449
1961 21.6863
1962 21.8517
1963 21.8089
1964 21.7166
1965 21.4926
1966 21.7916
1967 21.5908
1968 21.9094
1969 21.7752
1970 21.8477
1971 21.8219
1972 21.7313
1973 21.8304
1974 21.8673
1975 21.8268
1976 21.8517
1977 21.9515
1978 21.7583
1979 21.7904
1980 21.7363
1981 21.9634
1982 21.8467
1983 21.8413
1984 21.8391
1985 21.976
1986 21.8632
1987 21.8761
1988 21.8352
1989 21.9624
1990 22.1086
1991 21.8012
1992 21.7725
1993 21.9702
1994 22.0739
1995 22.0038
1996 21.9377
1997 21.9943
1998 22.0423
1999 22.1427
2000 22.0714
2001 22.1357
2002 22.1225
2003 22.0467
2004 21.8478
2005 21.8835
2006 21.9071
2007 22.0408
2008 21.9952
2009 21.6884
2010 21.7336
2011 21.7571
2012 21.929
2013 22.0446
2014 21.906
2015 21.9558
2016 22.0737
2017 22.0209
2018 21.832
2019 22.0997
2020 21.8543
2021 21.8356
2022 21.9221
2023 22.1383
2024 21.8229
2025 21.6925
2026 21.6674
2027 21.8541
2028 21.7744
2029 21.8697
2030 21.9959
2031 21.9719
2032 21.8998
2033 21.7514
2034 21.8351
2035 21.9352
2036 21.9382
2037 21.9871
2038 21.8668
2039 21.826
2040 21.9697
2041 22.1283
2042 21.906
2043 22.0108
2044 22.1794
2045 22.1136
2046 22.0122
2047 22.056
2048 21.8264
2049 22.2778
2050 21.9287
2051 22.0366
2052 21.9578
2053 22.1553
2054 21.9279
2055 21.9593
2056 21.8049
2057 22.048
2058 22.0115
2059 22.2786
2060 21.7742
2061 21.9676
2062 22.0971
2063 21.8989
2064 22.1383
2065 21.9411
2066 21.938
2067 21.7825
2068 21.7959
2069 21.6488
2070 21.93
2071 21.93
2072 21.9886
2073 21.8218
2074 21.9819
2075 21.9672
2076 21.9927
2077 22.0592
2078 21.8549
2079 22.0456
2080 21.8305
2081 21.7992
2082 21.8508
2083 22.0055
2084 22.0055
2085 21.7943
2086 21.9305
2087 21.8763
2088 21.779
2089 22.0265
2090 21.8496
2091 22.0123
2092 21.7739
2093 21.8947
2094 21.8808
2095 21.7601
2096 22.0839
2097 21.8626
2098 21.9476
2099 22.0645
2100 21.9276
2101 22.0442
2102 22.2083
2103 21.7671
2104 22.0942
2105 21.8269
2106 21.934
2107 21.8887
2108 21.7379
2109 21.926
2110 21.8506
2111 21.919
2112 21.8056
2113 21.9699
2114 21.6708
2115 22.0383
2116 21.7075
2117 21.7991
2118 21.6685
2119 21.7694
2120 21.9081
2121 21.7427
2122 21.8384
2123 21.8617
2124 21.8588
2125 22.1028
2126 21.8907
2127 21.9448
2128 21.9229
2129 21.9435
2130 21.7915
2131 22.1186
2132 21.8591
2133 21.9013
2134 21.8593
2135 21.7889
2136 21.9013
2137 21.7305
2138 21.8251
2139 21.761
2140 21.6045
2141 21.7384
2142 21.5759
2143 21.6434
2144 21.7262
2145 21.927
2146 21.7397
2147 22.0192
2148 21.9622
2149 21.6758
2150 22.0285
2151 21.8601
2152 21.6851
2153 21.9621
2154 21.6558
2155 21.8473
2156 21.7753
2157 21.7964
2158 21.888
2159 21.8558
2160 21.9908
2161 21.9014
2162 21.8068
2163 21.6849
2164 21.9738
2165 21.9537
2166 22.0476
2167 21.7595
2168 22.0182
2169 21.6144
2170 21.7977
2171 21.954
2172 21.7377
2173 21.9887
2174 21.8517
2175 22.0306
2176 21.984
2177 21.9397
2178 22.1528
2179 21.9037
2180 21.7104
2181 21.8433
2182 21.8047
2183 21.9507
2184 21.8069
2185 21.9019
2186 21.8991
2187 21.8387
2188 21.8933
2189 21.8222
2190 21.8309
2191 21.7474
2192 21.8854
2193 21.8365
2194 21.7615
2195 21.9705
2196 21.9084
2197 22.0231
2198 22.0683
2199 21.8692
2200 21.8678
2201 21.7522
2202 21.9213
2203 22.08
2204 21.9177
2205 21.8005
2206 22.0211
2207 21.9141
2208 22.127
2209 21.8792
2210 21.9616
2211 21.9679
2212 21.9082
2213 22.0944
2214 21.8991
2215 21.9466
2216 21.9734
2217 21.981
2218 21.8873
2219 22.0234
2220 21.9123
2221 21.7981
2222 21.8008
2223 21.8664
2224 21.8122
2225 21.9109
2226 21.6592
2227 21.7812
2228 21.6914
2229 21.8636
2230 21.8187
2231 21.9973
2232 21.9422
2233 22.0247
2234 21.917
2235 22.1193
2236 22.0078
2237 21.8996
2238 21.8455
2239 21.908
2240 21.876
2241 21.8094
2242 21.9786
2243 21.9721
2244 21.8517
2245 21.7984
2246 21.9601
2247 21.8326
2248 22.0153
2249 21.9105
2250 21.8924
2251 21.9115
2252 21.8599
2253 21.9483
2254 22.0528
2255 21.7967
2256 22.0522
2257 21.794
2258 21.7949
2259 22.0131
2260 21.8953
2261 21.8096
2262 21.8027
2263 22.0502
2264 21.7757
2265 21.888
2266 22.0078
2267 22.085
2268 22.0494
2269 21.7821
2270 21.984
2271 21.9546
2272 22.0009
2273 22.025
2274 21.899
2275 21.9171
2276 21.8502
2277 21.8737
2278 21.8942
2279 22.1242
2280 21.9363
2281 21.9359
2282 21.8457
2283 21.8834
2284 21.9038
2285 21.958
2286 21.5918
2287 22.0484
2288 21.9884
2289 21.88
2290 21.8641
2291 21.9335
2292 21.8669
2293 21.8743
2294 21.8665
2295 21.8491
2296 21.7674
2297 21.7402
2298 21.7519
2299 21.9569
2300 22.0653
2301 22.0702
2302 22.1168
2303 22.0877
2304 22.1326
2305 21.983
2306 21.8616
2307 22.0017
2308 21.775
2309 21.9264
2310 21.7657
2311 21.8381
2312 21.8725
2313 21.8656
2314 21.944
2315 21.9368
2316 21.9789
2317 21.874
2318 22.0393
2319 21.9099
2320 22.1334
2321 21.9973
2322 22.0624
2323 21.8778
2324 21.8725
2325 21.8824
2326 21.9723
2327 22.0012
2328 21.9215
2329 22.0101
2330 21.9724
2331 22.1071
2332 22.0416
2333 22.0438
2334 22.0186
2335 22.0091
2336 21.8345
2337 21.8861
2338 21.8922
2339 21.9329
2340 21.8541
2341 22.0078
2342 21.6142
2343 21.8365
2344 21.9895
2345 21.9013
2346 22.0024
2347 22.0465
2348 21.86
2349 21.9023
2350 21.7375
2351 22.0096
2352 21.7984
2353 21.9634
2354 22.0542
2355 22.0558
2356 21.9792
2357 21.9137
2358 21.9464
2359 21.984
2360 22.0884
2361 21.9333
2362 21.946
2363 22.0183
2364 21.999
2365 22.0178
2366 21.9844
2367 21.8638
2368 22.1323
2369 22.0567
2370 22.0055
2371 22.0623
2372 22.025
2373 22.0274
2374 22.0291
2375 22.1334
2376 21.9537
2377 22.004
2378 21.9852
2379 22.0829
2380 22.0018
2381 22.0925
2382 22.1212
